[4, [2]]
[9, [3]]
[25, [5]]
[49, [7]]
[6, [2, 3]]
[8, [2, 4]]
[10, [2, 5]]
[14, [2, 7]]
[15, [3, 5]]
[21, [3, 7]]
[22, [2, 11]]
[26, [2, 13]]
[27, [3, 9]]
[33, [3, 11]]
[34, [2, 17]]
[35, [5, 7]]
[38, [2, 19]]
[39, [3, 13]]
[46, [2, 23]]
[51, [3, 17]]
[55, [5, 11]]
[57, [3, 19]]
[58, [2, 29]]
[62, [2, 31]]
[65, [5, 13]]
[69, [3, 23]]
[74, [2, 37]]
[77, [7, 11]]
[82, [2, 41]]
[85, [5, 17]]
[86, [2, 43]]
[87, [3, 29]]
[91, [7, 13]]
[93, [3, 31]]
[94, [2, 47]]
[95, [5, 19]]
[16, [2, 4, 8]]
[81, [3, 9, 27]]
[12, [2, 3, 4, 6]]
[18, [2, 3, 6, 9]]
[20, [2, 4, 5, 10]]
[28, [2, 4, 7, 14]]
[32, [2, 4, 8, 16]]
[44, [2, 4, 11, 22]]
[45, [3, 5, 9, 15]]
[50, [2, 5, 10, 25]]
[52, [2, 4, 13, 26]]
[63, [3, 7, 9, 21]]
[68, [2, 4, 17, 34]]
[75, [3, 5, 15, 25]]
[76, [2, 4, 19, 38]]
[92, [2, 4, 23, 46]]
[98, [2, 7, 14, 49]]
[99, [3, 9, 11, 33]]
[64, [2, 4, 8, 16, 32]]
[24, [2, 3, 4, 6, 8, 12]]
[30, [2, 3, 5, 6, 10, 15]]
[40, [2, 4, 5, 8, 10, 20]]
[42, [2, 3, 6, 7, 14, 21]]
[54, [2, 3, 6, 9, 18, 27]]
[56, [2, 4, 7, 8, 14, 28]]
[66, [2, 3, 6, 11, 22, 33]]
[70, [2, 5, 7, 10, 14, 35]]
[78, [2, 3, 6, 13, 26, 39]]
[88, [2, 4, 8, 11, 22, 44]]
[36, [2, 3, 4, 6, 9, 12, 18]]
[100, [2, 4, 5, 10, 20, 25, 50]]
[48, [2, 3, 4, 6, 8, 12, 16, 24]]
[80, [2, 4, 5, 8, 10, 16, 20, 40]]
[60, [2, 3, 4, 5, 6, 10, 12, 15, 20, 30]]
[72, [2, 3, 4, 6, 8, 9, 12, 18, 24, 36]]
[84, [2, 3, 4, 6, 7, 12, 14, 21, 28, 42]]
[90, [2, 3, 5, 6, 9, 10, 15, 18, 30, 45]]
[96, [2, 3, 4, 6, 8, 12, 16, 24, 32, 48]]

===
This program shows each number betweeen 1..100 and it's divisors, The output is sorted by the number of divisors.

60 - the smallest number between 1..100 with 10 divisors
100 - has only 7 divisors.

That may be a reason why they had a base 60 system in Mesopotamia.
===

